australia	26094	25681	0.9841726067295163	0
australia	26099	25613	0.9813785968811065	1
australia	26098	25540	0.9786190512682964	2
australia	26101	25592	0.980498831462396	3
australia	26095	25592	0.9807242766813565	4
australia	26099	25618	0.9815701751024943	5
australia	26095	25572	0.9799578463307147	6
australia	26085	25562	0.9799501629288864	7
australia	26093	25524	0.9781933851990955	8
australia	26099	25628	0.98195333154527	9
australia	260958	255922	0.9807018753975736	ave
brazil	38492	38242	0.9935051439260106	0
brazil	38492	38180	0.9918944196196612	1
brazil	38499	38157	0.9911166523805813	2
brazil	38504	38147	0.9907282360274258	3
brazil	38501	38254	0.9935845822186437	4
brazil	38503	38258	0.9936368594654962	5
brazil	38499	38206	0.9923894127120185	6
brazil	38492	38092	0.9896082302816169	7
brazil	38495	38211	0.9926224184959086	8
brazil	38503	38311	0.9950133755811236	9
brazil	384980	382058	0.9924099953244324	ave
canada	33215	32977	0.9928345626975764	0
canada	33219	33018	0.9939492459134832	1
canada	33219	32971	0.9925343929678798	2
canada	33219	32987	0.9930160450344683	3
canada	33216	32999	0.9934670038535646	4
canada	33215	32981	0.9929549902152642	5
canada	33220	33002	0.9934376881396749	6
canada	33217	32975	0.9927145738627811	7
canada	33220	33036	0.9944611679711017	8
canada	33218	33025	0.9941898970437715	9
canada	332178	329971	0.9933559717982527	ave
china	14180	14066	0.9919605077574047	0
china	14178	14102	0.9946395824516857	1
china	14173	14081	0.9935087843081917	2
china	14181	14104	0.9945701995627952	3
china	14169	14080	0.9937186816289082	4
china	14173	14094	0.9944260213081211	5
china	14186	14099	0.9938671930071902	6
china	14168	14092	0.9946357989836251	7
china	14175	14108	0.9952733686067019	8
china	14172	14086	0.9939316963025684	9
china	141755	140912	0.9940531198194067	ave
czechia	58367	58235	0.9977384480956705	0
czechia	58368	58262	0.9981839364035088	1
czechia	58364	58250	0.9980467411417997	2
czechia	58369	58276	0.9984066884818996	3
czechia	58365	58243	0.9979097061595134	4
czechia	58364	58221	0.997549859502433	5
czechia	58371	58283	0.9984924020489627	6
czechia	58367	58227	0.997601384343893	7
czechia	58364	58237	0.9978240010965663	8
czechia	58367	58195	0.9970531293367828	9
czechia	583666	582429	0.997880637213749	ave
ecuador	1875	1861	0.9925333333333334	0
ecuador	1875	1843	0.9829333333333333	1
ecuador	1875	1854	0.9888	2
ecuador	1880	1852	0.9851063829787234	3
ecuador	1880	1862	0.9904255319148936	4
ecuador	1880	1862	0.9904255319148936	5
ecuador	1875	1859	0.9914666666666667	6
ecuador	1880	1856	0.9872340425531915	7
ecuador	1880	1862	0.9904255319148936	8
ecuador	1880	1860	0.9893617021276596	9
ecuador	18780	18571	0.9888711395101172	ave
estonia	36044	35651	0.9890966596382199	0
estonia	36042	35641	0.9888740913378836	1
estonia	36042	35688	0.9901781255202264	2
estonia	36042	35627	0.9884856556239943	3
estonia	36042	35668	0.9896232173575273	4
estonia	36042	35635	0.9887076188890739	5
estonia	36044	35664	0.9894573299300855	6
estonia	36042	35683	0.9900393984795516	7
estonia	36044	35686	0.9900676950393963	8
estonia	36042	35686	0.9901226347039565	9
estonia	360426	356629	0.9894652439058226	ave
france	217891	214668	0.9852082004304905	0
france	217902	214984	0.9866086589384219	1
france	217905	214956	0.986466579472706	2
france	217909	214911	0.9862419633883869	3
france	217911	214639	0.9849846955867304	4
france	217909	215105	0.9871322432758629	5
france	217904	214967	0.9865215874880682	6
france	217899	214722	0.9854198504811862	7
france	217909	214918	0.9862740868894814	8
france	217894	214912	0.9863144464739736	9
france	2179033	2148782	0.9861172364071585	ave
germany	203216	202416	0.9960633021021966	0
germany	203222	202385	0.9958813514284871	1
germany	203232	202469	0.9962456699732326	2
germany	203224	202456	0.9962209187891194	3
germany	203219	202441	0.9961716178113267	4
germany	203224	202452	0.9962012360744794	5
germany	203221	202531	0.9966046816027871	6
germany	203206	202487	0.9964617186500399	7
germany	203222	202426	0.9960831012390391	8
germany	203227	202504	0.9964424018462114	9
germany	2032213	2024567	0.9962375991099358	ave
india	77257	76500	0.9902015351359748	0
india	77248	76388	0.9888670256835128	1
india	77258	76495	0.9901240001035492	2
india	77258	76490	0.9900592818866655	3
india	77251	76462	0.9897865399800649	4
india	77239	76405	0.9892023459651212	5
india	77256	76561	0.9910039349694522	6
india	77253	76516	0.9904599174142105	7
india	77264	76604	0.9914578587699316	8
india	77251	76447	0.98959236773634	9
india	772535	764868	0.9900755305584861	ave
italy	20398	20226	0.9915678007647809	0
italy	20404	20214	0.990688100372476	1
italy	20398	20203	0.990440239239141	2
italy	20398	20226	0.9915678007647809	3
italy	20393	20182	0.9896533124111214	4
italy	20394	20157	0.9883789349808767	5
italy	20398	20163	0.988479262672811	6
italy	20403	20227	0.9913738175758466	7
italy	20398	20127	0.986714383763114	8
italy	20393	20200	0.9905359682243907	9
italy	203977	201925	0.9899400422596666	ave
japan	414217	413524	0.998326963886079	0
japan	414236	413623	0.9985201672476559	1
japan	414218	413550	0.9983873226175589	2
japan	414229	413628	0.9985491117232256	3
japan	414231	413622	0.9985298058329772	4
japan	414223	413516	0.9982931899001263	5
japan	414228	413554	0.9983728767731781	6
japan	414226	413527	0.9983125153901493	7
japan	414224	413589	0.9984670130171115	8
japan	414224	413585	0.9984573564061957	9
japan	4142256	4135718	0.9984216330424773	ave
malaysia	2798	2786	0.995711222301644	0
malaysia	2778	2756	0.9920806335493161	1
malaysia	2785	2772	0.9953321364452423	2
malaysia	2785	2762	0.9917414721723519	3
malaysia	2797	2753	0.9842688594923132	4
malaysia	2797	2778	0.9932070075080444	5
malaysia	2798	2767	0.9889206576125804	6
malaysia	2797	2783	0.9949946371111905	7
malaysia	2798	2783	0.994639027877055	8
malaysia	2797	2759	0.9864140150160887	9
malaysia	27930	27699	0.9917293233082707	ave
mexico	1980	1952	0.9858585858585859	0
mexico	1985	1948	0.981360201511335	1
mexico	1987	1928	0.9703069954705587	2
mexico	1987	1935	0.9738298943130347	3
mexico	1983	1945	0.9808371154815936	4
mexico	1981	1942	0.9803129732458354	5
mexico	1990	1960	0.9849246231155779	6
mexico	1988	1966	0.9889336016096579	7
mexico	1990	1979	0.9944723618090452	8
mexico	1984	1943	0.9793346774193549	9
mexico	19855	19498	0.9820196424074541	ave
netherlands	158401	158027	0.9976389037947992	0
netherlands	158405	158120	0.9982008143682334	1
netherlands	158393	158027	0.997689291824765	2
netherlands	158399	158144	0.9983901413519025	3
netherlands	158406	157953	0.9971402598386425	4
netherlands	158394	158074	0.9979797214540955	5
netherlands	158389	158073	0.9980049119572698	6
netherlands	158410	158080	0.9979167981819329	7
netherlands	158408	158028	0.9976011312559971	8
netherlands	158398	158117	0.9982259877018649	9
netherlands	1584003	1580643	0.9978787918962275	ave
norway	9474	9466	0.9991555837027655	0
norway	9480	9466	0.9985232067510549	1
norway	9475	9451	0.997467018469657	2
norway	9451	9437	0.998518675272458	3
norway	9448	9430	0.9980948348856901	4
norway	9471	9461	0.9989441452856087	5
norway	9454	9430	0.9974613920033848	6
norway	9448	9441	0.9992591024555462	7
norway	9462	9438	0.9974635383639823	8
norway	9471	9455	0.9983106324569739	9
norway	94634	94475	0.9983198427626434	ave
poland	5556	5552	0.9992800575953924	0
poland	5553	5542	0.9980190887808392	1
poland	5543	5530	0.9976546996211438	2
poland	5556	5542	0.9974802015838733	3
poland	5556	5546	0.9982001439884809	4
poland	5541	5537	0.9992781086446489	5
poland	5548	5541	0.9987382840663303	6
poland	5548	5544	0.9992790194664743	7
poland	5543	5537	0.9989175536712971	8
poland	5553	5547	0.9989195029713668	9
poland	55497	55418	0.9985764996306107	ave
russia	67279	67266	0.9998067747737035	0
russia	67278	67240	0.9994351794048575	1
russia	67280	67248	0.9995243757431629	2
russia	67280	67234	0.9993162901307967	3
russia	67280	67265	0.9997770511296076	4
russia	67279	67260	0.9997175939000282	5
russia	67280	67220	0.9991082045184304	6
russia	67280	67261	0.9997175980975029	7
russia	67279	67238	0.9993905973632188	8
russia	67278	67249	0.999568952703707	9
russia	672793	672481	0.9995362615247186	ave
south africa	3037	3001	0.9881461969048403	0
south africa	3033	3005	0.9907682162875041	1
south africa	3035	2995	0.9868204283360791	2
south africa	3034	2937	0.9680290046143705	3
south africa	3037	2987	0.983536384590056	4
south africa	3036	2983	0.9825428194993412	5
south africa	3037	2965	0.9762923938096806	6
south africa	3037	2978	0.9805729338162661	7
south africa	3038	2971	0.9779460171165241	8
south africa	3032	2977	0.9818601583113457	9
south africa	30356	29799	0.981651073922783	ave
south korea	11184	11180	0.9996423462088698	0
south korea	11183	11179	0.9996423142269516	1
south korea	11184	11180	0.9996423462088698	2
south korea	11185	11181	0.9996423781850693	3
south korea	11185	11183	0.9998211890925346	4
south korea	11185	11180	0.9995529727313366	5
south korea	11185	11181	0.9996423781850693	6
south korea	11185	11181	0.9996423781850693	7
south korea	11184	11180	0.9996423462088698	8
south korea	11185	11183	0.9998211890925346	9
south korea	111845	111808	0.999669185032858	ave
spain	5348	5184	0.9693343305908751	0
spain	5343	5206	0.9743589743589743	1
spain	5348	5185	0.9695213163799551	2
spain	5348	5245	0.9807404637247569	3
spain	5348	5170	0.9667165295437546	4
spain	5342	5189	0.9713590415574691	5
spain	5348	5184	0.9693343305908751	6
spain	5348	5199	0.9721391174270756	7
spain	5337	5198	0.9739554056586097	8
spain	5348	5249	0.9814884068810771	9
spain	53458	52009	0.9728946088518089	ave
sweden	15837	15752	0.9946328218728294	0
sweden	15856	15775	0.9948915237134208	1
sweden	15854	15769	0.9946385770152643	2
sweden	15850	15769	0.9948895899053628	3
sweden	15855	15789	0.995837275307474	4
sweden	15854	15788	0.995837012741264	5
sweden	15838	15764	0.9953276928905165	6
sweden	15864	15778	0.9945789208270297	7
sweden	15856	15773	0.9947653884964682	8
sweden	15860	15796	0.9959646910466583	9
sweden	158524	157753	0.995136383134415	ave
switzerland	66035	65464	0.9913530703414856	0
switzerland	66035	65526	0.9922919663814643	1
switzerland	66038	65463	0.9912928919712892	2
switzerland	66035	65440	0.9909896267131066	3
switzerland	66016	65470	0.9917292777508483	4
switzerland	66039	65425	0.9907024636956949	5
switzerland	66040	65376	0.9899454875832828	6
switzerland	66040	65380	0.9900060569351908	7
switzerland	66029	65467	0.9914885883475443	8
switzerland	66026	65468	0.9915487838124375	9
switzerland	660333	654479	0.9911347759388066	ave
united arab emirates	1458	1450	0.9945130315500685	0
united arab emirates	1458	1452	0.9958847736625515	1
united arab emirates	1458	1440	0.9876543209876543	2
united arab emirates	1458	1450	0.9945130315500685	3
united arab emirates	1458	1454	0.9972565157750343	4
united arab emirates	1458	1450	0.9945130315500685	5
united arab emirates	1458	1454	0.9972565157750343	6
united arab emirates	1458	1450	0.9945130315500685	7
united arab emirates	1458	1454	0.9972565157750343	8
united arab emirates	1458	1450	0.9945130315500685	9
united arab emirates	14580	14504	0.9947873799725652	ave
united kingdom	79938	79366	0.9928444544522005	0
united kingdom	79936	79311	0.9921812449959968	1
united kingdom	79935	79427	0.993644836429599	2
united kingdom	79932	79321	0.9923560026022119	3
united kingdom	79933	79342	0.992606307782768	4
united kingdom	79939	79454	0.9939328738162849	5
united kingdom	79933	79358	0.9928064754231669	6
united kingdom	79940	79259	0.9914811108331248	7
united kingdom	79931	79415	0.9935444320726626	8
united kingdom	79933	79404	0.9933819573893136	9
united kingdom	799350	793657	0.9928779633452179	ave
united states	1417532	1411990	0.9960903880829498	0
united states	1417563	1411975	0.9960580235234695	1
united states	1417572	1412042	0.9960989635799804	2
united states	1417612	1412239	0.996209823280277	3
united states	1417580	1412031	0.996085582471536	4
united states	1417572	1412014	0.9960792114968411	5
united states	1417577	1412156	0.9961758691062285	6
united states	1417568	1412163	0.9961871317636967	7
united states	1417577	1411890	0.9959882249782551	8
united states	1417577	1412285	0.996266869454005	9
united states	14175730	14120785	0.9961240091339212	ave
